Project,Link,Released,Description,Entity,Type,Role
"Rappers, sorted by their vocabulary size",https://pudding.cool/projects/vocabulary/index.html,"July 12, 2014",,The Pudding,Solo,Author
Sample Stitch,http://samplestitch.com.s3-website-us-east-1.amazonaws.com/,"January 12, 2015",,The Pudding,Solo,Author
Flooding in America,https://pudding.cool/projects/flooding/visuals,"July 12, 2020",,Gannett,Collaboration,Author
The Emotional Range of GIFs,https://pudding.cool/2020/03/gifs/,"March 18, 2020",,The Pudding,Solo,Author
Identifying Generational Gaps in Music,https://pudding.cool/2020/04/music-challenge/,"June 1, 2020",,The Pudding,Solo,Author
Are Men Singing Higher in Pop Music?,https://pudding.cool/2019/08/register/,"October 18, 2019",,The Pudding,Solo,Author
We measured pop music’s falsetto obsession,https://www.youtube.com/watch?v=qJT2h5uGAC0,"October 18, 2019",Emmy nominated!,Vox,Collaboration,Author
The Kim Foxx Effect,https://www.themarshallproject.org/2019/10/24/the-kim-foxx-effect-how-prosecutions-have-changed-in-cook-county,"October 24, 2019",,The Marshall Project,Collaboration,Author
"The Worst, Highest-paid NBA Player",https://pudding.cool/2019/12/real-mvp/,"December 18, 2019",My first attempt at a YouTube video,The Pudding,Solo,Author
The Best Year in Music,https://pudding.cool/projects/music-history/,"July 18, 2016",,Billboard,Solo,Author
A People Map of the US,https://pudding.cool/2019/05/people-map/,"May 18, 2019",,The Pudding,Solo,Author
The Gyllenhaal Experiment ,https://pudding.cool/2019/02/gyllenhaal/,"February 18, 2019",,The Pudding,Solo,Author
Population Mountains,https://pudding.cool/2018/12/3d-cities-story/,"December 18, 2018",,The Pudding,Solo,Author
Human Terrain,https://pudding.cool/2018/10/city_3d/,"October 18, 2018",,The Pudding,Solo,Author
Fan Theory,http://fantheory.viacom.com/,"October 18, 2018",,Viacom,Client,Author
What Music Do Americans Love the Most? 50 Detailed Fan Maps,https://www.nytimes.com/interactive/2017/08/07/upshot/music-fandom-maps.html?mtrref=undefined&gwh=1FFD8D6AB1DA697D1A593F453682F338&gwt=pay&assetType=PAYWALL,"August 7, 2017",,New York Times,Client,Data
The Most Emo Rap,https://pudding.cool/2018/08/emo-rap/,"August 18, 2018",,The Pudding,Solo,Author
Mapping Gastronomic Borders in the US,https://pudding.cool/2018/02/restaurants/,"February 18, 2018",,The Pudding,Solo,Author
The Structure of Stand-Up Comedy,https://pudding.cool/2018/02/stand-up/,"February 18, 2018",,The Pudding,Solo,Author
What Airport Traffic Tells Us About the World’s Megacities,https://pudding.cool/2018/07/airports/,"July 18, 2018",,The Pudding,Solo,Author
Are Hit Songs Becoming Less Musically Diverse?,https://pudding.cool/2018/05/similarity/,"May 18, 2018",,The Pudding,Solo,"Editor,Designer"
The Cultural Borders of Songs,https://pudding.cool/2018/06/music-map/,"June 18, 2018",,The Pudding,Solo,Author
What is a Superteam in the NBA?,https://pudding.cool/2017/10/superteams,"October 18, 2017",,The Pudding,Solo,Author
Plot Trends for Top-Grossing Film from the Past 50 Years,https://pudding.cool/2017/06/film-trends,"June 18, 2017",,The Pudding,Solo,Author
The Most Timeless NBA Plays,https://pudding.cool/2017/05/nba-moments,"May 18, 2017",,The Pudding,Solo,Author
The Words That Are “Most Hip Hop”,https://pudding.cool/2017/09/hip-hop-words,"September 18, 2017",,The Pudding,Solo,Author
"The Emergence Of Slang, Using Search Data",https://pudding.cool/2017/02/new-slang,"February 18, 2017",,The Pudding,Solo,Author
Do NBA Refs Favor the Home Team?,https://pudding.cool/2017/03/home-court,"July 18, 2016",,The Pudding,Solo,Author
How Diverse Are US Newsrooms?,https://googletrends.github.io/asne,"January 18, 2017",,Google,Client,Author
Mapping Slavery Against US Incarceration,https://pudding.cool/2017/01/shape-of-slavery,"January 18, 2018",,The Pudding,Sony,Author
How Robert Glasper Sampled Miles Davis on “Ghetto Walkin”,https://pudding.cool/2017/03/sampling,"July 18, 2016",,Sony,Solo,Author
Ranking the Most Unlikely NBA Comebacks,https://pudding.cool/2017/03/comeback,"July 18, 2016",,The Pudding,Solo,Author
"The 2,452 Wikipedia Pages on which Miles Davis is Mentioned",https://pudding.cool/2017/03/miles,"July 18, 2016",,Sony,Sony,Author
Crowdsourcing the Definition of “Punk”,https://pudding.cool/2017/03/punk,"May 18, 2016",,Converse,Solo,Author
The Most Succesful Labels in Hip Hop,https://pudding.cool/2017/03/labels/,"July 12, 2017",,Rhymesayers,Solo,Author
"The Largest Analysis of Film Dialogue by Gender, Ever",https://pudding.cool/2017/03/film-dialogue,"May 18, 2016",,The Pudding,Solo,Author
Hollywood’s Gender Divide and its Effect on Films,https://pudding.cool/2017/03/bechdel,"May 18, 2016",,The Pudding,Solo,Author
The Most Timeless Songs of All-Time,https://pudding.cool/2017/03/timeless,"November 18, 2015",,The Pudding,Solo,Author
"Outkast, in Charts",https://pudding.cool/2017/03/outkast,"May 1, 2014",,The Pudding,Solo,Author
The Etymology of Shorty,http://poly-graph.co/shorty.html,"December 1, 2013",,The Pudding,Solo,Author
The Entire History of Kickstarter,http://polygraph.cool/kickstarter/,"July 12, 2017",,Kickstarter,Client,Author
"Trump vs. Clinton, by YouTube views",https://googletrends.github.io/youtube-election-real-time/,"July 12, 2016",,Google News,Client,Author
Transcending Oil,https://www.transcendingoil.com/,"July 12, 2018",,Emerson Collective,Client,Author
The Physical Traits that Define Men and Women in Literature,https://pudding.cool/2020/07/gendered-descriptions/,"July 18, 2020",,The Pudding,Solo,"Editor,Designer,Developer"
Defining the ’90s Music Canon,https://pudding.cool/2020/07/song-decay/,"August 1, 2020",,The Pudding,Solo,Author
Why are K-pop groups so big?,https://pudding.cool/2020/10/kpop/,"October 2, 2020",,The Pudding,Solo,"Editor,Designer,Developer"
Reconstructing a timeline of protests using live-streams,https://www.washingtonpost.com/graphics/2020/national/live-stream-george-floyd-protests/,"October 9, 2020",Everything but the running text,The Washington Post,Solo,Author
How officer complaints are investigated,https://pudding.cool/2020/10/police-misconduct,"December 1, 2020",,The Pudding,Solo,"Editor,Designer"
How bad is your Spotify,https://pudding.cool/2020/12/judge-my-spotify,"December 23, 2020",,The Pudding,Solo,Author
15 Percent Pledge x Whole Foods,https://www.instagram.com/p/CF5UrXmjnrH/?igshid=18u56di60jf5g,"October 9, 2020",,15 Percent Pledge,Solo,Author
Photo History Experiment,https://pudding.cool/2020/10/photo-history,"November 16, 2020",,The Pudding,Solo,Author
Universal Music Lobby Visualization,https://polygraph.cool/case-studies/umg/,"July 31, 2019",This sits in the lobby on a 30 ft. screen of Universal Music Group's Headquarters,Universal Music Group,Client,Author
Get out of your Geographic Music Bubble,https://pudding.cool/2021/04/music-bubble/,"April 10, 2021",,The Pudding,Solo,Author
We couldn’t get an artificial intelligence program to win the New Yorker Caption Contest,https://pudding.cool/projects/caption-contest/,"January 28, 2022",,The Pudding,Solo,Author
How you play spades is how you play life,https://pudding.cool/2021/08/spades/,"August 12, 2021",,The Pudding,Solo,"Editor,Designer,Developer"
Weather Record Map,https://pudding.cool/2022/03/weather-map/,"March 15, 2022",Everything,The Pudding,Solo,Author
Weather Records from Yesterday,https://pudding.cool/projects/heat-records/,"June 1, 2022","Co-authored with Russell, where I worked on story, data, and design",The Pudding,Solo,Author
We tracked what happens after TikTok songs go viral,https://www.youtube.com/watch?v=S1m-KgEpoow,"June 1, 2022","Data and story, with Estelle Caswell of Vox",Vox,Solo,Author
Billion Views Club,https://www.youtube.com/watch?v=DmyE4aTgc3A&list=PLbpi6ZahtOH4OmcA-BD2hn0L082oLvvgV&index=1,"September 1, 2022","Narration, Script and Story ",YouTube,Solo,Author
Speedruns Video,https://www.youtube.com/watch?v=CVv_qpH2340,"October 19, 2022","Narration, Script and Story ",YouTube,Solo,Author
Gender in Songwriting,https://pudding.cool/2023/07/songwriters/,"September 14, 2023","Story, Data, Code, Design",The Pudding,Solo,Author
Heat Records Map v2,https://pudding.cool/projects/heat-records-map/,"July 6, 2023",everything,The Pudding,Solo,Author
Dark Patterns,https://pudding.cool/2023/05/dark-patterns/,"May 18, 2023","Story, Design, Code",The Pudding,Solo,"Editor,Designer,Developer"
The ’90s Literary Canon,https://pudding.cool/2023/01/lit-canon/,"January 12, 2023",Everything,The Pudding,Solo,Author
TikTok and Virality,https://pudding.cool/2022/07/tiktok-story/,"July 13, 2022",Everything,The Pudding,Solo,Author
"Analyzing Spotify’s Database of 6,000 Genres",https://pudding.cool/2023/10/genre/,"November 8, 2023",Story and design,The Pudding,Solo,Author
The Language of Congress,https://congress.pudding.cool/,1/1/2019,,Salesforce,Client,Author
NEW SLANG: IBF | NBC Left Field,https://www.youtube.com/watch?v=taUmTxNVHDc,4/18/2019,,NBC,Collaboration,Data
YouTube’s End of Year Recap,https://www.youtube.com/trends/2022/us/,12/1/2022,,YouTube,Client,Author
The Rise of Aesthetics,https://www.youtube.com/trends/articles/youtube-aesthetics/,12/1/2021,,YouTube,Client,Author
For the Love of Sneakers,https://www.youtube.com/watch?v=UYn005hGj5c,11/22/2022,,YouTube,Client,Author
Behind the Lists: 2022’s Breakout Creators,https://www.youtube.com/watch?v=idMVOYWpR6A,12/1/2022,,YouTube,Client,Author
Earth Alliance,https://nuggets.earthalliance.org/,6/1/2023,,Earth Alliance,Client,Data
i5 PRME,https://www.i5playbook.org/,10/1/2023,,PRME,Client,Story
Examining 30 years of Rolling Stone’s “Greatest Albums of All Time” Rankings,https://pudding.cool/2024/03/greatest-music/,3/23/2024,,The Pudding,Solo,Author
Climate Zones: how will your city feel in the future?,https://pudding.cool/2024/06/climate-zones,6/20/2024,,The Pudding,Collaboration,Editor
Social Trust Index,https://trust.weavers.org/,6/20/2024,,Aspen Institute,Client,"Designer,Developer"